21479
20445
2175
12079
3101
55906
8929
11215
44571
39102
51737
20816
3431
3728
39779
21564
45777
43462
53382
543
23113
20976
5287
57690
53718
3940
26512
49987
17655
52619
54060
19341
44871
4505
37969
11878
7622
16407
21797
33864
29727
7136
5033
11972
6191
45078
22465
39323
13687
49094
49512
56241
63604
16669
55499
53323
44794
23411
33312
40665
59138
43660
40185
52947
24350
52814
19881
41098
59524
23910
19779
18525
35114
53750
43469
30028
19308
31896
64993
43162
36535
31968
5081
8220
13490
58381
48404
57533
25553
49337
38942
36475
41283
1996
51431
8580
20534
3687
45808
60202
60803
27353
33151
45897
47253
57193
30254
2965
19181
41823
50378
46435
51918
2409
36263
24945
8127
1091
41626
32364
6296
46337
26046
39728
60411
31133
12528
65306
57344
8317
43142
57252
27930
15856
32406
15208
64206
38257
14255
36352
26039
53203
60411
45054
24287
21955
43649
37206
41052
33777
